CAP_PROP_FRAME_WIDTH: (3, 640.0, 640.0, 640.0)
CAP_PROP_FRAME_HEIGHT: (4, 480.0, 480.0, 480.0)
CAP_PROP_FPS: (5, 30.0, 30.0, 30.0)
CAP_PROP_BRIGHTNESS: (10, 0.0, 0.5, 1.0)
CAP_PROP_CONTRAST: (11, 0.0, 0.5, 1.0)
CAP_PROP_SATURATION: (12, 0.0, 0.8203125, 1.0)
CAP_PROP_HUE: (13, 0.0, 0.5, 1.0)
CAP_PROP_GAIN: (14, 0.0, 0.0, 1.0)
CAP_PROP_EXPOSURE: (15, 0.0, 0.0, 1.0)
CAP_PROP_CONVERT_RGB: (16, 0.0, 1.0, 1.0)
CAP_PROP_SHARPNESS: (20, 0.0, 3.0, 6.0)
CAP_PROP_AUTO_EXPOSURE: (21, 0.25, 0.75, 0.75)
CAP_PROP_GAMMA: (22, 72.0, 100.0, 500.0)
CAP_PROP_BACKLIGHT: (32, 0.0, 1.0, 2.0)
CAP_PROP_BUFFERSIZE: (38, 1.0, 4.0, 10.0)
CAP_PROP_AUTO_WB: (44, 0.0, 1.0, 1.0)




CAP_PROP_FRAME_WIDTH: (3, 640.0, 640.0, 640.0)
CAP_PROP_FRAME_HEIGHT: (4, 480.0, 480.0, 1944.0)
CAP_PROP_BRIGHTNESS: (10, 0.0, 0.5, 1.0)
CAP_PROP_CONTRAST: (11, 1.0, 0.5, 1.0)
CAP_PROP_SATURATION: (12, 1.0, 0.5, 1.0)
CAP_PROP_HUE: (13, 0.0, 0.5, 1.0)
CAP_PROP_GAIN: (14, 1.0, 0.0, 1.0)
CAP_PROP_EXPOSURE: (15, 1.0, 0.03120624124824965, 1.0)
CAP_PROP_SHARPNESS: (20, 6.0, 3.0, 6.0)
CAP_PROP_AUTO_EXPOSURE: (21, 0.75, 0.75, 0.75)
CAP_PROP_GAMMA: (22, 500.0, 100.0, 500.0)
CAP_PROP_BACKLIGHT: (32, 2.0, 1.0, 2.0)